main
Pifunc Output, [0,1]:

int =

   3.141592653589794


err =

     8.881784197001252e-16

Logderiv Output, [1,e]:

int =

   1.000000000000000


err =

     5.551115123125783e-16


ier =

     0

Erfderiv Output, [0,1]:

int =

   0.842700792949715


err =

     0


ier =

     0

Erfderiv Output, [0,3]:

int =

   0.999977909503001


err =

     6.661338147750939e-16


ier =

     0

diary off
